Lift	Drag	Velocity	Time (s)
198.200421	65.348004	48.006121	0.000000
198.184707	65.960854	48.006121	0.250000
198.139809	68.598580	48.006121	0.500000
195.039640	63.904551	48.006121	0.750000
197.870425	60.236428	48.006121	1.000000
198.182462	62.591300	48.006121	1.250000
197.091454	66.340238	48.006121	1.500000
198.126340	61.881920	48.006121	1.750000
198.200421	60.898666	48.006121	2.000000
198.177972	61.233152	48.006121	2.250000
198.160013	59.374397	48.006121	2.500000
198.182462	64.111079	48.006121	2.750000
198.209400	66.663500	48.006121	3.000000
198.207156	62.333140	48.006121	3.250000
198.207156	61.248866	48.006121	3.500000
198.162258	64.270465	48.006121	3.750000
197.372063	66.019221	48.006121	4.000000
197.931036	63.884347	48.006121	4.250000
198.166748	66.010242	48.006121	4.500000
198.144299	64.912499	48.006121	4.750000
198.065729	63.938224	48.006121	5.000000
198.160013	66.322279	48.006121	5.250000
197.975934	65.489431	48.006121	5.500000
197.760426	66.057384	48.006121	5.750000
195.926365	63.269252	48.006121	6.000000
197.749201	67.231453	48.006121	6.250000
198.106136	63.736185	48.006121	6.500000
197.755936	64.919233	48.006121	6.750000
198.182462	65.114537	48.006121	7.000000
198.052259	69.220410	48.006121	7.250000
196.415747	58.276654	48.006121	7.500000
197.962464	69.514488	48.006121	7.750000
197.598795	63.154763	48.006121	8.000000
198.151034	69.480815	48.006121	8.250000
198.108381	65.145965	48.006121	8.500000
198.148789	63.837204	48.006121	8.750000
196.900639	67.498592	48.006121	9.000000
198.050014	59.329499	48.006121	9.250000
198.195931	70.118359	48.006121	9.500000
198.202666	59.028686	48.006121	9.750000
198.209400	65.386167	48.006121	10.000000
198.193686	64.420871	48.006121	10.250000
198.193686	63.965162	48.006121	10.500000
197.726753	62.880889	48.006121	10.750000
198.097157	61.938042	48.006121	11.000000
197.737977	67.821854	48.006121	11.250000
197.749201	63.323129	48.006121	11.500000
197.919812	66.263912	48.006121	11.750000
198.173482	64.674542	48.006121	12.000000
198.166748	61.033358	48.006121	12.250000
198.135320	65.343514	48.006121	12.500000
198.198176	61.107439	48.006121	12.750000
198.180217	64.903519	48.006121	13.000000
198.173482	62.761910	48.006121	13.250000
198.135320	64.685767	48.006121	13.500000
197.955730	62.566606	48.006121	13.750000
197.975934	65.498411	48.006121	14.000000
198.173482	64.295159	48.006121	14.250000
195.436982	64.986579	48.006121	14.500000
197.001659	63.275986	48.006121	14.750000
198.002872	63.502718	48.006121	15.000000
197.937771	64.959641	48.006121	15.250000
197.838996	64.353525	48.006121	15.500000
198.133075	63.680063	48.006121	15.750000
198.099402	65.067395	48.006121	16.000000
198.207156	61.181520	48.006121	16.250000
198.151034	61.610290	48.006121	16.500000
198.124095	67.217983	48.006121	16.750000
198.189197	63.493739	48.006121	17.000000
198.207156	61.664167	48.006121	17.250000
198.209400	63.855163	48.006121	17.500000
198.137564	64.003325	48.006121	17.750000
197.975934	63.790062	48.006121	18.000000
197.827772	65.166169	48.006121	18.250000
198.171238	66.212280	48.006121	18.500000
198.155523	60.799891	48.006121	18.750000
198.142054	63.309659	48.006121	19.000000
198.153279	66.097792	48.006121	19.250000
198.166748	64.521891	48.006121	19.500000
192.864358	66.542277	48.006121	19.750000
198.137564	60.600098	48.006121	20.000000
198.186952	65.123517	48.006121	20.250000
198.157768	58.887259	48.006121	20.500000
197.782875	62.083959	48.006121	20.750000
198.175727	65.639838	48.006121	21.000000
