Lift	Drag	Velocity	Time (s)
100.337425	79.376216	48.006121	0.000000
83.893730	71.393447	48.006121	0.250000
85.330449	71.873850	48.006121	0.500000
85.352898	68.960005	48.006121	0.750000
82.681499	69.734486	48.006121	1.000000
85.927585	71.413651	48.006121	1.250000
85.759220	75.629523	48.006121	1.500000
86.517987	73.276896	48.006121	1.750000
85.052085	73.445261	48.006121	2.000000
88.634902	75.840541	48.006121	2.250000
86.347376	75.636257	48.006121	2.500000
89.820195	76.547676	48.006121	2.750000
104.833906	79.329073	48.006121	3.000000
108.380805	82.397815	48.006121	3.250000
94.698304	76.787877	48.006121	3.500000
80.463564	73.613627	48.006121	3.750000
90.965080	77.176240	48.006121	4.000000
85.911871	71.916503	48.006121	4.250000
85.801872	71.240796	48.006121	4.500000
85.911871	71.669567	48.006121	4.750000
86.381050	75.773194	48.006121	5.000000
86.219419	73.382405	48.006121	5.250000
88.760615	76.374820	48.006121	5.500000
89.481219	73.959337	48.006121	5.750000
97.291133	75.524014	48.006121	6.000000
87.108388	74.531780	48.006121	6.250000
79.493779	71.422631	48.006121	6.500000
84.706374	73.775257	48.006121	6.750000
86.722270	72.331804	48.006121	7.000000
85.646976	71.584261	48.006121	7.250000
85.938810	73.496893	48.006121	7.500000
85.985952	73.858318	48.006121	7.750000
86.154317	72.504659	48.006121	8.000000
86.008401	72.250989	48.006121	8.250000
100.802114	76.671144	48.006121	8.500000
85.967993	74.444230	48.006121	8.750000
90.417331	74.855041	48.006121	9.000000
109.099165	83.879431	48.006121	9.250000
101.576595	81.823127	48.006121	9.500000
97.286643	79.284176	48.006121	9.750000
92.195271	74.639534	48.006121	10.000000
85.328204	71.855891	48.006121	10.250000
94.094433	75.770950	48.006121	10.500000
86.764923	72.192622	48.006121	10.750000
88.035521	73.200570	48.006121	11.000000
88.621433	78.096638	48.006121	11.250000
86.897370	72.717922	48.006121	11.500000
87.135327	73.465465	48.006121	11.750000
100.478852	75.407280	48.006121	12.000000
87.314917	75.730542	48.006121	12.250000
107.119187	80.267430	48.006121	12.500000
100.624769	72.156704	48.006121	12.750000
89.732645	73.420568	48.006121	13.000000
102.656379	81.259664	48.006121	13.250000
95.028301	78.776835	48.006121	13.500000
96.422367	77.140322	48.006121	13.750000
92.736285	75.708093	48.006121	14.000000
85.945544	72.809962	48.006121	14.250000
85.967993	71.615690	48.006121	14.500000
86.210439	72.176908	48.006121	14.750000
86.412478	76.680123	48.006121	15.000000
86.259826	74.154641	48.006121	15.250000
88.219601	75.795643	48.006121	15.500000
87.431650	74.049132	48.006121	15.750000
87.575322	75.739521	48.006121	16.000000
89.710196	73.407098	48.006121	16.250000
88.024297	75.656461	48.006121	16.500000
88.783064	72.015277	48.006121	16.750000
86.937778	71.153246	48.006121	17.000000
94.298717	79.962128	48.006121	17.250000
86.753698	71.808749	48.006121	17.500000
80.021324	71.687526	48.006121	17.750000
85.411264	71.422631	48.006121	18.000000
85.925340	76.152578	48.006121	18.250000
85.936565	72.749350	48.006121	18.500000
85.227185	71.173450	48.006121	18.750000
86.017380	73.797706	48.006121	19.000000
88.401435	76.114415	48.006121	19.250000
86.345132	74.008724	48.006121	19.500000
85.985952	73.117510	48.006121	19.750000
85.588609	70.461825	48.006121	20.000000
85.936565	71.743647	48.006121	20.250000
86.248602	77.441135	48.006121	20.500000
86.091461	75.629523	48.006121	20.750000
85.929830	70.951207	48.006121	21.000000
90.244476	72.322825	48.006121	21.250000
100.265589	74.293823	48.006121	21.500000
85.988197	75.050345	48.006121	21.750000
86.262071	77.865416	48.006121	22.000000
90.695696	76.525227	48.006121	22.250000
91.907927	76.069518	48.006121	22.500000
85.413509	73.119755	48.006121	22.750000
85.247389	71.970380	48.006121	23.000000
85.743506	71.608955	48.006121	23.250000
84.142911	71.146511	48.006121	23.500000
85.274327	71.988339	48.006121	23.750000
86.827779	72.569761	48.006121	24.000000
86.055543	75.966254	48.006121	24.250000
85.918606	71.240796	48.006121	24.500000
93.048323	78.440104	48.006121	24.750000
87.332876	73.297100	48.006121	25.000000
85.492080	72.580985	48.006121	25.250000
86.064522	75.748501	48.006121	25.500000
85.218205	72.475476	48.006121	25.750000
90.408352	73.716891	48.006121	26.000000
89.090611	73.306079	48.006121	26.250000
81.251515	71.442834	48.006121	26.500000
85.525753	72.277927	48.006121	26.750000
81.058456	69.835505	48.006121	27.000000
88.652861	74.006479	48.006121	27.250000
97.342765	74.480148	48.006121	27.500000
99.744779	79.371726	48.006121	27.750000
103.204128	80.563754	48.006121	28.000000
101.028846	73.247712	48.006121	28.250000
88.836941	74.289333	48.006121	28.500000
89.232038	75.604829	48.006121	28.750000
92.320984	75.321975	48.006121	29.000000
85.211471	71.588751	48.006121	29.250000
83.298839	71.871605	48.006121	29.500000
82.115791	71.348550	48.006121	29.750000
89.128774	77.173995	48.006121	30.000000
88.836941	71.837932	48.006121	30.250000
85.826566	74.881980	48.006121	30.500000
88.075929	76.632981	48.006121	30.750000
86.179011	78.419900	48.006121	31.000000
85.959013	72.352008	48.006121	31.250000
85.934320	71.689770	48.006121	31.500000
87.366549	71.489977	48.006121	31.750000
94.920547	72.594454	48.006121	32.000000
91.124466	75.158099	48.006121	32.250000
98.546017	75.800133	48.006121	32.500000
86.425947	77.548889	48.006121	32.750000
85.541467	74.129947	48.006121	33.000000
85.943299	73.196080	48.006121	33.250000
85.979217	74.749532	48.006121	33.500000
84.416786	71.644873	48.006121	33.750000
85.849015	73.209549	48.006121	34.000000
87.236346	75.295037	48.006121	34.250000
81.240290	75.438708	48.006121	34.500000
87.573077	75.932580	48.006121	34.750000
85.676159	76.323188	48.006121	35.000000
85.079023	74.078315	48.006121	35.250000
95.537887	72.875063	48.006121	35.500000
96.460530	74.792185	48.006121	35.750000
85.765954	72.830166	48.006121	36.000000
83.269656	72.783024	48.006121	36.250000
86.818800	77.115629	48.006121	36.500000
86.356356	73.523832	48.006121	36.750000
85.851260	71.954665	48.006121	37.000000
85.918606	71.415896	48.006121	37.250000
85.727792	72.367722	48.006121	37.500000
85.999421	71.718954	48.006121	37.750000
89.003061	77.358075	48.006121	38.000000
88.899797	73.227508	48.006121	38.250000
86.381050	76.556655	48.006121	38.500000
85.857994	69.866933	48.006121	38.750000
84.553723	71.344060	48.006121	39.000000
85.195757	71.597731	48.006121	39.250000
90.585697	75.164834	48.006121	39.500000
92.936079	73.963827	48.006121	39.750000
91.245689	76.794612	48.006121	40.000000
85.664935	71.635893	48.006121	40.250000
85.788403	72.940165	48.006121	40.500000
89.081632	71.860381	48.006121	40.750000
85.929830	72.623638	48.006121	41.000000
86.228398	73.685463	48.006121	41.250000
87.438385	74.466678	48.006121	41.500000
86.677373	76.410738	48.006121	41.750000
85.983707	72.796493	48.006121	42.000000
86.821045	73.528321	48.006121	42.250000
84.432500	73.831379	48.006121	42.500000
85.251878	71.586506	48.006121	42.750000
86.241867	75.519524	48.006121	43.000000
85.312490	72.410375	48.006121	43.250000
85.198001	71.272224	48.006121	43.500000
86.006156	72.913226	48.006121	43.750000
85.108207	71.981604	48.006121	44.000000
84.912903	70.630190	48.006121	44.250000
85.312490	71.344060	48.006121	44.500000
86.773902	73.151183	48.006121	44.750000
106.227972	81.877004	48.006121	45.000000
108.288766	82.267612	48.006121	45.250000
92.347922	78.431124	48.006121	45.500000
85.965748	72.138745	48.006121	45.750000
96.839913	78.056230	48.006121	46.000000
91.398341	74.843817	48.006121	46.250000
94.929526	75.692379	48.006121	46.500000
86.859208	71.622424	48.006121	46.750000
85.974728	72.331804	48.006121	47.000000
101.578840	73.645055	48.006121	47.250000
100.934562	76.047069	48.006121	47.500000
87.431650	72.127521	48.006121	47.750000
86.019625	75.182793	48.006121	48.000000
88.594494	74.621575	48.006121	48.250000
91.512829	77.542154	48.006121	48.500000
86.984920	73.303834	48.006121	48.750000
99.504577	76.727266	48.006121	49.000000
90.536310	78.882344	48.006121	49.250000
88.226335	75.800133	48.006121	49.500000
84.924127	73.416078	48.006121	49.750000
89.921214	71.912013	48.006121	50.000000
86.113910	74.219742	48.006121	50.250000
85.860239	73.209549	48.006121	50.500000
85.617793	72.100582	48.006121	50.750000
85.281062	70.358561	48.006121	51.000000
85.489835	74.419536	48.006121	51.250000
86.053298	71.779565	48.006121	51.500000
86.062278	76.848489	48.006121	51.750000
91.018957	71.997318	48.006121	52.000000
89.180406	73.294855	48.006121	52.250000
86.039829	71.705485	48.006121	52.500000
88.852655	76.745225	48.006121	52.750000
86.333907	73.227508	48.006121	53.000000
85.967993	74.076070	48.006121	53.250000
86.248602	74.861776	48.006121	53.500000
94.357083	78.184188	48.006121	53.750000
86.329417	74.179335	48.006121	54.000000
85.263103	71.678546	48.006121	54.250000
85.932075	74.587902	48.006121	54.500000
85.756975	72.208336	48.006121	54.750000
86.017380	71.445079	48.006121	55.000000
88.657351	72.922206	48.006121	55.250000
85.236164	71.348550	48.006121	55.500000
82.580479	72.713433	48.006121	55.750000
86.946758	71.687526	48.006121	56.000000
104.405135	75.431974	48.006121	56.250000
94.606264	80.009270	48.006121	56.500000
85.979217	75.312996	48.006121	56.750000
85.927585	71.750382	48.006121	57.000000
102.104140	75.541973	48.006121	57.250000
86.500028	72.390171	48.006121	57.500000
85.929830	73.597913	48.006121	57.750000
87.458589	73.344242	48.006121	58.000000
87.557363	76.617267	48.006121	58.250000
85.891667	73.530566	48.006121	58.500000
86.459620	71.891809	48.006121	58.750000
88.596739	72.147725	48.006121	59.000000
103.913508	80.301103	48.006121	59.250000
84.775965	71.678546	48.006121	59.500000
84.928617	71.806504	48.006121	59.750000
79.125620	70.181216	48.006121	60.000000
85.489835	72.614658	48.006121	60.250000
87.961440	73.402609	48.006121	60.500000
87.274509	76.830530	48.006121	60.750000
84.432500	72.646086	48.006121	61.000000
93.293014	77.283994	48.006121	61.250000
94.689325	78.458063	48.006121	61.500000
85.902892	72.360987	48.006121	61.750000
76.611362	68.852251	48.006121	62.000000
83.081086	71.393447	48.006121	62.250000
92.085272	72.515884	48.006121	62.500000
90.089580	79.113566	48.006121	62.750000
94.590550	75.865234	48.006121	63.000000
87.820013	71.804259	48.006121	63.250000
86.991655	76.098701	48.006121	63.500000
88.212866	73.930154	48.006121	63.750000
91.449973	72.210581	48.006121	64.000000
93.429951	73.299344	48.006121	64.250000
104.041466	74.502596	48.006121	64.500000
93.820559	76.648695	48.006121	64.750000
86.012890	71.739158	48.006121	65.000000
95.151769	75.223201	48.006121	65.250000
95.295440	77.025834	48.006121	65.500000
85.967993	71.525895	48.006121	65.750000
92.085272	75.178303	48.006121	66.000000
86.174521	75.030142	48.006121	66.250000
85.081268	71.054471	48.006121	66.500000
85.622282	73.927909	48.006121	66.750000
84.147401	71.436100	48.006121	67.000000
86.093706	71.496711	48.006121	67.250000
91.214261	73.997500	48.006121	67.500000
96.397673	71.721199	48.006121	67.750000
92.801386	77.102159	48.006121	68.000000
