Lift	Drag	Velocity	Time (s)
243.012577	75.369117	48.006121	0.000000
242.954210	73.510362	48.006121	0.250000
242.747682	77.757662	48.006121	0.500000
242.837477	75.384831	48.006121	0.750000
243.003597	79.665804	48.006121	1.000000
243.073188	77.670112	48.006121	1.250000
243.066454	74.585657	48.006121	1.500000
243.044005	81.964554	48.006121	1.750000
242.487276	72.798738	48.006121	2.000000
243.055229	75.434219	48.006121	2.250000
242.942986	75.382587	48.006121	2.500000
243.005842	76.886652	48.006121	2.750000
242.761151	78.177454	48.006121	3.000000
242.884619	75.339934	48.006121	3.250000
242.089934	73.647300	48.006121	3.500000
243.037270	76.325433	48.006121	3.750000
243.003597	74.989734	48.006121	4.000000
242.927271	80.137228	48.006121	4.250000
243.044005	76.478085	48.006121	4.500000
243.068698	78.617449	48.006121	4.750000
242.514215	72.848125	48.006121	5.000000
243.044005	78.015823	48.006121	5.250000
243.124820	73.979541	48.006121	5.500000
242.956455	74.567698	48.006121	5.750000
243.073188	77.178485	48.006121	6.000000
243.050740	71.862626	48.006121	6.250000
242.565847	79.688253	48.006121	6.500000
243.093392	75.211976	48.006121	6.750000
243.055229	76.451146	48.006121	7.000000
243.044005	74.994224	48.006121	7.250000
242.990128	75.485851	48.006121	7.500000
243.070943	78.556837	48.006121	7.750000
243.073188	76.870937	48.006121	8.000000
243.075433	75.409525	48.006121	8.250000
242.990128	77.930517	48.006121	8.500000
243.088902	78.359288	48.006121	8.750000
243.086657	76.058293	48.006121	9.000000
243.012577	79.104586	48.006121	9.250000
242.992373	75.182793	48.006121	9.500000
243.055229	77.501747	48.006121	9.750000
241.968711	78.372757	48.006121	10.000000
241.495042	80.011515	48.006121	10.250000
243.068698	79.288666	48.006121	10.500000
243.057474	79.102341	48.006121	10.750000
242.612989	76.659919	48.006121	11.000000
242.967679	79.021526	48.006121	11.250000
243.068698	74.760757	48.006121	11.500000
243.073188	80.734364	48.006121	11.750000
242.978904	76.430942	48.006121	12.000000
243.084413	76.565635	48.006121	12.250000
243.057474	76.781142	48.006121	12.500000
243.084413	74.870756	48.006121	12.750000
243.055229	77.739703	48.006121	13.000000
243.064209	74.161376	48.006121	13.250000
242.913802	77.402972	48.006121	13.500000
242.886864	73.797706	48.006121	13.750000
243.073188	79.971107	48.006121	14.000000
242.714009	74.105254	48.006121	14.250000
243.050740	76.098701	48.006121	14.500000
243.066454	74.965040	48.006121	14.750000
242.967679	73.548525	48.006121	15.000000
243.077678	73.209549	48.006121	15.250000
242.866660	72.679759	48.006121	15.500000
243.066454	74.942591	48.006121	15.750000
243.052984	72.511394	48.006121	16.000000
242.725233	75.205242	48.006121	16.250000
243.035025	75.968498	48.006121	16.500000
243.077678	77.710520	48.006121	16.750000
243.106861	77.723989	48.006121	17.000000
243.075433	75.342179	48.006121	17.250000
243.028291	79.052954	48.006121	17.500000
243.066454	74.195049	48.006121	17.750000
242.920537	72.863839	48.006121	18.000000
242.803803	71.647118	48.006121	18.250000
243.070943	74.309537	48.006121	18.500000
243.039515	73.561995	48.006121	18.750000
243.088902	72.170173	48.006121	19.000000
243.046250	73.710156	48.006121	19.250000
243.017066	74.884225	48.006121	19.500000
243.073188	71.705485	48.006121	19.750000
243.100127	72.845880	48.006121	20.000000
243.104616	74.138927	48.006121	20.250000
243.124820	74.067091	48.006121	20.500000
243.079923	74.551984	48.006121	20.750000
243.046250	72.390171	48.006121	21.000000
243.064209	71.606710	48.006121	21.250000
243.064209	77.587052	48.006121	21.500000
243.149514	78.105618	48.006121	21.750000
243.225840	76.159313	48.006121	22.000000
243.041760	76.240128	48.006121	22.250000
243.064209	78.882344	48.006121	22.500000
243.086657	75.719318	48.006121	22.750000
243.102372	74.253415	48.006121	23.000000
243.124820	77.946232	48.006121	23.250000
243.093392	74.938102	48.006121	23.500000
242.983393	74.857286	48.006121	23.750000
243.017066	76.792367	48.006121	24.000000
243.100127	77.187465	48.006121	24.250000
243.059719	77.144812	48.006121	24.500000
243.061964	78.020312	48.006121	24.750000
242.969924	73.761788	48.006121	25.000000
243.086657	79.650090	48.006121	25.250000
243.008087	73.463220	48.006121	25.500000
243.017066	79.003567	48.006121	25.750000
243.088902	73.290365	48.006121	26.000000
243.091147	80.599672	48.006121	26.250000
243.100127	77.459094	48.006121	26.500000
243.057474	76.154823	48.006121	26.750000
243.088902	72.203846	48.006121	27.000000
243.070943	76.866448	48.006121	27.250000
242.911557	71.898544	48.006121	27.500000
243.019311	73.321793	48.006121	27.750000
243.039515	73.934643	48.006121	28.000000
243.014822	73.364446	48.006121	28.250000
242.702784	71.849156	48.006121	28.500000
243.068698	76.132374	48.006121	28.750000
243.086657	72.161194	48.006121	29.000000
243.160738	77.885620	48.006121	29.250000
243.091147	73.178121	48.006121	29.500000
243.084413	74.363414	48.006121	29.750000
243.057474	72.320580	48.006121	30.000000
243.064209	72.385681	48.006121	30.250000
243.005842	74.810144	48.006121	30.500000
243.104616	74.881980	48.006121	30.750000
243.070943	72.165683	48.006121	31.000000
243.035025	72.037726	48.006121	31.250000
243.075433	77.845212	48.006121	31.500000
243.091147	79.140504	48.006121	31.750000
243.111351	74.632799	48.006121	32.000000
243.066454	73.883011	48.006121	32.250000
243.079923	75.972988	48.006121	32.500000
243.086657	75.681155	48.006121	32.750000
243.037270	76.017886	48.006121	33.000000
243.104616	77.789090	48.006121	33.250000
243.057474	76.428697	48.006121	33.500000
243.068698	76.514003	48.006121	33.750000
243.086657	78.873364	48.006121	34.000000
243.021556	77.227872	48.006121	34.250000
243.113596	77.277259	48.006121	34.500000
243.084413	77.205423	48.006121	34.750000
243.077678	76.305229	48.006121	35.000000
243.079923	76.121150	48.006121	35.250000
243.088902	74.556473	48.006121	35.500000
243.158493	79.266217	48.006121	35.750000
242.767885	74.873000	48.006121	36.000000
242.489521	75.135651	48.006121	36.250000
242.006874	73.591178	48.006121	36.500000
243.048495	75.741766	48.006121	36.750000
243.095637	80.357225	48.006121	37.000000
243.055229	79.394175	48.006121	37.250000
243.077678	77.526440	48.006121	37.500000
243.032781	78.931731	48.006121	37.750000
243.097882	77.587052	48.006121	38.000000
243.017066	79.858863	48.006121	38.250000
243.093392	78.924996	48.006121	38.500000
243.059719	76.516247	48.006121	38.750000
243.068698	75.768705	48.006121	39.000000
243.111351	74.293823	48.006121	39.250000
243.046250	75.952784	48.006121	39.500000
243.095637	75.979723	48.006121	39.750000
243.082168	74.168110	48.006121	40.000000
243.100127	74.199538	48.006121	40.250000
243.109106	78.006843	48.006121	40.500000
243.048495	74.347700	48.006121	40.750000
241.923813	76.933794	48.006121	41.000000
243.064209	75.409525	48.006121	41.250000
243.097882	76.251352	48.006121	41.500000
243.093392	76.668899	48.006121	41.750000
243.088902	76.680123	48.006121	42.000000
243.111351	79.066423	48.006121	42.250000
242.958700	74.967285	48.006121	42.500000
243.077678	74.727084	48.006121	42.750000
243.084413	75.485851	48.006121	43.000000
243.086657	76.522982	48.006121	43.250000
243.061964	74.969530	48.006121	43.500000
243.066454	76.336658	48.006121	43.750000
243.077678	75.209731	48.006121	44.000000
243.095637	76.556655	48.006121	44.250000
242.657887	71.835687	48.006121	44.500000
243.046250	76.689103	48.006121	44.750000
243.019311	77.432156	48.006121	45.000000
243.095637	79.903761	48.006121	45.250000
243.102372	76.466860	48.006121	45.500000
243.100127	76.105436	48.006121	45.750000
243.086657	73.297100	48.006121	46.000000
242.934006	72.872819	48.006121	46.250000
243.288696	72.030991	48.006121	46.500000
243.111351	76.038090	48.006121	46.750000
